128;19;21;11;[128, 71, 0, 83, 0, 89, 96, 100, 0, 102, 1, 98, 128, 91, 0, 92, 0, 190, 0, 0, 11]
128;19;12;98;[128, 71, 0, 83, 0, 89, 96, 100, 0, 102, 1, 98]
71;20;21;128;[71, 0, 83, 0, 89, 96, 100, 0, 102, 1, 98, 128, 91, 0, 92, 0, 190, 0, 0, 11, 128]
71;20;12;128;[71, 0, 83, 0, 89, 96, 100, 0, 102, 1, 98, 128]
0;27;17;92;[0, 102, 1, 98, 128, 91, 0, 92, 0, 190, 0, 0, 11, 128, 91, 0, 92]
0;27;8;92;[0, 102, 1, 98, 128, 91, 0, 92]
102;28;16;92;[102, 1, 98, 128, 91, 0, 92, 0, 190, 0, 0, 11, 128, 91, 0, 92]
102;28;7;92;[102, 1, 98, 128, 91, 0, 92]
128;31;9;11;[128, 91, 0, 92, 0, 190, 0, 0, 11]
91;32;9;128;[91, 0, 92, 0, 190, 0, 0, 11, 128]
0;33;9;91;[0, 92, 0, 190, 0, 0, 11, 128, 91]
92;34;8;91;[92, 0, 190, 0, 0, 11, 128, 91]
0;35;9;92;[0, 190, 0, 0, 11, 128, 91, 0, 92]
190;36;8;92;[190, 0, 0, 11, 128, 91, 0, 92]
0;37;9;190;[0, 0, 11, 128, 91, 0, 92, 0, 190]
0;38;8;190;[0, 11, 128, 91, 0, 92, 0, 190]
11;39;7;190;[11, 128, 91, 0, 92, 0, 190]
128;40;19;110;[128, 91, 0, 92, 0, 190, 0, 0, 85, 96, 121, 0, 183, 0, 0, 184, 0, 0, 110]
91;41;19;128;[91, 0, 92, 0, 190, 0, 0, 85, 96, 121, 0, 183, 0, 0, 184, 0, 0, 110, 128]
128;59;14;24;[128, 105, 84, 108, 240, 110, 81, 168, 240, 0, 175, 72, 1, 24]
128;59;8;168;[128, 105, 84, 108, 240, 110, 81, 168]
105;60;14;128;[105, 84, 108, 240, 110, 81, 168, 240, 0, 175, 72, 1, 24, 128]
240;67;15;11;[240, 0, 175, 72, 1, 24, 128, 91, 0, 92, 0, 190, 0, 0, 11]
240;67;6;24;[240, 0, 175, 72, 1, 24]
128;73;9;11;[128, 91, 0, 92, 0, 190, 0, 0, 11]
91;74;9;128;[91, 0, 92, 0, 190, 0, 0, 11, 128]
0;75;9;91;[0, 92, 0, 190, 0, 0, 11, 128, 91]
92;76;8;91;[92, 0, 190, 0, 0, 11, 128, 91]
0;77;9;92;[0, 190, 0, 0, 11, 128, 91, 0, 92]
190;78;8;92;[190, 0, 0, 11, 128, 91, 0, 92]
0;79;9;190;[0, 0, 11, 128, 91, 0, 92, 0, 190]
0;80;8;190;[0, 11, 128, 91, 0, 92, 0, 190]
11;81;7;190;[11, 128, 91, 0, 92, 0, 190]
128;82;19;110;[128, 91, 0, 92, 0, 190, 0, 0, 85, 96, 121, 0, 183, 0, 0, 184, 0, 0, 110]
91;83;19;128;[91, 0, 92, 0, 190, 0, 0, 85, 96, 121, 0, 183, 0, 0, 184, 0, 0, 110, 128]
128;101;15;11;[128, 194, 2, 84, 34, 70, 128, 91, 0, 92, 0, 190, 0, 0, 11]
128;101;6;70;[128, 194, 2, 84, 34, 70]
194;102;6;128;[194, 2, 84, 34, 70, 128]
128;107;9;11;[128, 91, 0, 92, 0, 190, 0, 0, 11]
0;109;21;91;[0, 92, 0, 190, 0, 0, 11, 136, 49, 13, 151, 63, 255, 84, 0, 168, 251, 0, 110, 128, 91]
0;111;21;92;[0, 190, 0, 0, 11, 136, 49, 13, 151, 63, 255, 84, 0, 168, 251, 0, 110, 128, 91, 0, 92]
0;113;21;190;[0, 0, 11, 136, 49, 13, 151, 63, 255, 84, 0, 168, 251, 0, 110, 128, 91, 0, 92, 0, 190]
11;115;19;190;[11, 136, 49, 13, 151, 63, 255, 84, 0, 168, 251, 0, 110, 128, 91, 0, 92, 0, 190]
0;126;18;184;[0, 110, 128, 91, 0, 92, 0, 190, 0, 0, 85, 96, 121, 0, 183, 0, 0, 184]
128;128;19;110;[128, 91, 0, 92, 0, 190, 0, 0, 85, 96, 121, 0, 183, 0, 0, 184, 0, 0, 110]
91;129;19;128;[91, 0, 92, 0, 190, 0, 0, 85, 96, 121, 0, 183, 0, 0, 184, 0, 0, 110, 128]
0;130;19;91;[0, 92, 0, 190, 0, 0, 85, 96, 121, 0, 183, 0, 0, 184, 0, 0, 110, 128, 91]
92;131;18;91;[92, 0, 190, 0, 0, 85, 96, 121, 0, 183, 0, 0, 184, 0, 0, 110, 128, 91]
0;132;19;92;[0, 190, 0, 0, 85, 96, 121, 0, 183, 0, 0, 184, 0, 0, 110, 128, 91, 0, 92]
190;133;18;92;[190, 0, 0, 85, 96, 121, 0, 183, 0, 0, 184, 0, 0, 110, 128, 91, 0, 92]
0;134;19;190;[0, 0, 85, 96, 121, 0, 183, 0, 0, 184, 0, 0, 110, 128, 91, 0, 92, 0, 190]
0;135;18;190;[0, 85, 96, 121, 0, 183, 0, 0, 184, 0, 0, 110, 128, 91, 0, 92, 0, 190]
85;136;17;190;[85, 96, 121, 0, 183, 0, 0, 184, 0, 0, 110, 128, 91, 0, 92, 0, 190]
128;147;9;11;[128, 91, 0, 92, 0, 190, 0, 0, 11]
91;148;9;128;[91, 0, 92, 0, 190, 0, 0, 11, 128]
0;149;9;91;[0, 92, 0, 190, 0, 0, 11, 128, 91]
92;150;8;91;[92, 0, 190, 0, 0, 11, 128, 91]
0;151;9;92;[0, 190, 0, 0, 11, 128, 91, 0, 92]
190;152;8;92;[190, 0, 0, 11, 128, 91, 0, 92]
0;153;9;190;[0, 0, 11, 128, 91, 0, 92, 0, 190]
0;154;8;190;[0, 11, 128, 91, 0, 92, 0, 190]
11;155;7;190;[11, 128, 91, 0, 92, 0, 190]
128;156;19;110;[128, 91, 0, 92, 0, 190, 0, 0, 85, 96, 121, 0, 183, 0, 0, 184, 0, 0, 110]
91;157;19;128;[91, 0, 92, 0, 190, 0, 0, 85, 96, 121, 0, 183, 0, 0, 184, 0, 0, 110, 128]
0;158;19;91;[0, 92, 0, 190, 0, 0, 85, 96, 121, 0, 183, 0, 0, 184, 0, 0, 110, 128, 91]
92;159;18;91;[92, 0, 190, 0, 0, 85, 96, 121, 0, 183, 0, 0, 184, 0, 0, 110, 128, 91]
0;160;19;92;[0, 190, 0, 0, 85, 96, 121, 0, 183, 0, 0, 184, 0, 0, 110, 128, 91, 0, 92]
190;161;18;92;[190, 0, 0, 85, 96, 121, 0, 183, 0, 0, 184, 0, 0, 110, 128, 91, 0, 92]
0;162;19;190;[0, 0, 85, 96, 121, 0, 183, 0, 0, 184, 0, 0, 110, 128, 91, 0, 92, 0, 190]
0;163;18;190;[0, 85, 96, 121, 0, 183, 0, 0, 184, 0, 0, 110, 128, 91, 0, 92, 0, 190]
85;164;17;190;[85, 96, 121, 0, 183, 0, 0, 184, 0, 0, 110, 128, 91, 0, 92, 0, 190]
128;175;9;11;[128, 91, 0, 92, 0, 190, 0, 0, 11]
91;176;9;128;[91, 0, 92, 0, 190, 0, 0, 11, 128]
0;177;9;91;[0, 92, 0, 190, 0, 0, 11, 128, 91]
92;178;8;91;[92, 0, 190, 0, 0, 11, 128, 91]
0;179;9;92;[0, 190, 0, 0, 11, 128, 91, 0, 92]
190;180;8;92;[190, 0, 0, 11, 128, 91, 0, 92]
0;181;9;190;[0, 0, 11, 128, 91, 0, 92, 0, 190]
0;182;8;190;[0, 11, 128, 91, 0, 92, 0, 190]
11;183;7;190;[11, 128, 91, 0, 92, 0, 190]
128;184;19;110;[128, 91, 0, 92, 0, 190, 0, 0, 85, 96, 121, 0, 183, 0, 0, 184, 0, 0, 110]
128;215;21;11;[128, 71, 0, 83, 0, 89, 96, 100, 0, 102, 1, 98, 128, 91, 0, 92, 0, 190, 0, 0, 11]
128;215;12;98;[128, 71, 0, 83, 0, 89, 96, 100, 0, 102, 1, 98]
71;216;12;128;[71, 0, 83, 0, 89, 96, 100, 0, 102, 1, 98, 128]
0;223;8;92;[0, 102, 1, 98, 128, 91, 0, 92]
102;224;7;92;[102, 1, 98, 128, 91, 0, 92]
128;227;9;11;[128, 91, 0, 92, 0, 190, 0, 0, 11]
0;229;15;91;[0, 92, 0, 190, 0, 0, 11, 136, 194, 2, 2, 53, 125, 128, 91]
0;231;15;92;[0, 190, 0, 0, 11, 136, 194, 2, 2, 53, 125, 128, 91, 0, 92]
0;233;15;190;[0, 0, 11, 136, 194, 2, 2, 53, 125, 128, 91, 0, 92, 0, 190]
11;235;13;190;[11, 136, 194, 2, 2, 53, 125, 128, 91, 0, 92, 0, 190]
2;238;13;85;[2, 2, 53, 125, 128, 91, 0, 92, 0, 190, 0, 0, 85]
128;242;19;110;[128, 91, 0, 92, 0, 190, 0, 0, 85, 96, 121, 0, 183, 0, 0, 184, 0, 0, 110]
91;243;19;128;[91, 0, 92, 0, 190, 0, 0, 85, 96, 121, 0, 183, 0, 0, 184, 0, 0, 110, 128]
128;261;14;24;[128, 105, 84, 108, 240, 110, 81, 168, 240, 0, 175, 72, 1, 24]
128;261;8;168;[128, 105, 84, 108, 240, 110, 81, 168]
105;262;14;128;[105, 84, 108, 240, 110, 81, 168, 240, 0, 175, 72, 1, 24, 128]
240;269;15;11;[240, 0, 175, 72, 1, 24, 128, 91, 0, 92, 0, 190, 0, 0, 11]
240;269;6;24;[240, 0, 175, 72, 1, 24]
128;275;9;11;[128, 91, 0, 92, 0, 190, 0, 0, 11]
91;276;9;128;[91, 0, 92, 0, 190, 0, 0, 11, 128]
0;277;9;91;[0, 92, 0, 190, 0, 0, 11, 128, 91]
92;278;8;91;[92, 0, 190, 0, 0, 11, 128, 91]
0;279;9;92;[0, 190, 0, 0, 11, 128, 91, 0, 92]
190;280;8;92;[190, 0, 0, 11, 128, 91, 0, 92]
0;281;9;190;[0, 0, 11, 128, 91, 0, 92, 0, 190]
0;282;8;190;[0, 11, 128, 91, 0, 92, 0, 190]
11;283;7;190;[11, 128, 91, 0, 92, 0, 190]
128;284;19;110;[128, 91, 0, 92, 0, 190, 0, 0, 85, 96, 121, 0, 183, 0, 0, 184, 0, 0, 110]
91;285;19;128;[91, 0, 92, 0, 190, 0, 0, 85, 96, 121, 0, 183, 0, 0, 184, 0, 0, 110, 128]
128;303;15;11;[128, 194, 2, 84, 34, 70, 128, 91, 0, 92, 0, 190, 0, 0, 11]
128;303;6;70;[128, 194, 2, 84, 34, 70]
194;304;6;128;[194, 2, 84, 34, 70, 128]
70;308;13;1;[70, 128, 91, 0, 92, 0, 190, 0, 0, 11, 136, 49, 1]
128;309;21;123;[128, 91, 0, 92, 0, 190, 0, 0, 11, 136, 49, 1, 151, 63, 255, 84, 0, 168, 250, 0, 123]
128;309;9;11;[128, 91, 0, 92, 0, 190, 0, 0, 11]
91;310;21;128;[91, 0, 92, 0, 190, 0, 0, 11, 136, 49, 1, 151, 63, 255, 84, 0, 168, 250, 0, 123, 128]
0;311;21;91;[0, 92, 0, 190, 0, 0, 11, 136, 49, 1, 151, 63, 255, 84, 0, 168, 250, 0, 123, 128, 91]
92;312;20;91;[92, 0, 190, 0, 0, 11, 136, 49, 1, 151, 63, 255, 84, 0, 168, 250, 0, 123, 128, 91]
0;313;21;92;[0, 190, 0, 0, 11, 136, 49, 1, 151, 63, 255, 84, 0, 168, 250, 0, 123, 128, 91, 0, 92]
190;314;20;92;[190, 0, 0, 11, 136, 49, 1, 151, 63, 255, 84, 0, 168, 250, 0, 123, 128, 91, 0, 92]
0;315;21;190;[0, 0, 11, 136, 49, 1, 151, 63, 255, 84, 0, 168, 250, 0, 123, 128, 91, 0, 92, 0, 190]
0;316;20;190;[0, 11, 136, 49, 1, 151, 63, 255, 84, 0, 168, 250, 0, 123, 128, 91, 0, 92, 0, 190]
11;317;19;190;[11, 136, 49, 1, 151, 63, 255, 84, 0, 168, 250, 0, 123, 128, 91, 0, 92, 0, 190]
136;318;12;123;[136, 49, 1, 151, 63, 255, 84, 0, 168, 250, 0, 123]
128;330;19;110;[128, 91, 0, 92, 0, 190, 0, 0, 85, 96, 121, 0, 183, 0, 0, 184, 0, 0, 110]
91;331;19;128;[91, 0, 92, 0, 190, 0, 0, 85, 96, 121, 0, 183, 0, 0, 184, 0, 0, 110, 128]
0;332;19;91;[0, 92, 0, 190, 0, 0, 85, 96, 121, 0, 183, 0, 0, 184, 0, 0, 110, 128, 91]
92;333;18;91;[92, 0, 190, 0, 0, 85, 96, 121, 0, 183, 0, 0, 184, 0, 0, 110, 128, 91]
0;334;19;92;[0, 190, 0, 0, 85, 96, 121, 0, 183, 0, 0, 184, 0, 0, 110, 128, 91, 0, 92]
190;335;18;92;[190, 0, 0, 85, 96, 121, 0, 183, 0, 0, 184, 0, 0, 110, 128, 91, 0, 92]
0;336;19;190;[0, 0, 85, 96, 121, 0, 183, 0, 0, 184, 0, 0, 110, 128, 91, 0, 92, 0, 190]
0;337;18;190;[0, 85, 96, 121, 0, 183, 0, 0, 184, 0, 0, 110, 128, 91, 0, 92, 0, 190]
85;338;17;190;[85, 96, 121, 0, 183, 0, 0, 184, 0, 0, 110, 128, 91, 0, 92, 0, 190]
128;349;9;11;[128, 91, 0, 92, 0, 190, 0, 0, 11]
91;350;9;128;[91, 0, 92, 0, 190, 0, 0, 11, 128]
0;351;9;91;[0, 92, 0, 190, 0, 0, 11, 128, 91]
92;352;8;91;[92, 0, 190, 0, 0, 11, 128, 91]
0;353;9;92;[0, 190, 0, 0, 11, 128, 91, 0, 92]
190;354;8;92;[190, 0, 0, 11, 128, 91, 0, 92]
0;355;9;190;[0, 0, 11, 128, 91, 0, 92, 0, 190]
0;356;8;190;[0, 11, 128, 91, 0, 92, 0, 190]
11;357;7;190;[11, 128, 91, 0, 92, 0, 190]
128;358;19;110;[128, 91, 0, 92, 0, 190, 0, 0, 85, 96, 121, 0, 183, 0, 0, 184, 0, 0, 110]
91;359;19;128;[91, 0, 92, 0, 190, 0, 0, 85, 96, 121, 0, 183, 0, 0, 184, 0, 0, 110, 128]
0;360;19;91;[0, 92, 0, 190, 0, 0, 85, 96, 121, 0, 183, 0, 0, 184, 0, 0, 110, 128, 91]
92;361;18;91;[92, 0, 190, 0, 0, 85, 96, 121, 0, 183, 0, 0, 184, 0, 0, 110, 128, 91]
0;362;19;92;[0, 190, 0, 0, 85, 96, 121, 0, 183, 0, 0, 184, 0, 0, 110, 128, 91, 0, 92]
190;363;18;92;[190, 0, 0, 85, 96, 121, 0, 183, 0, 0, 184, 0, 0, 110, 128, 91, 0, 92]
0;364;19;190;[0, 0, 85, 96, 121, 0, 183, 0, 0, 184, 0, 0, 110, 128, 91, 0, 92, 0, 190]
0;365;18;190;[0, 85, 96, 121, 0, 183, 0, 0, 184, 0, 0, 110, 128, 91, 0, 92, 0, 190]
85;366;17;190;[85, 96, 121, 0, 183, 0, 0, 184, 0, 0, 110, 128, 91, 0, 92, 0, 190]
128;377;9;11;[128, 91, 0, 92, 0, 190, 0, 0, 11]
91;378;9;128;[91, 0, 92, 0, 190, 0, 0, 11, 128]
0;379;9;91;[0, 92, 0, 190, 0, 0, 11, 128, 91]
92;380;8;91;[92, 0, 190, 0, 0, 11, 128, 91]
0;381;9;92;[0, 190, 0, 0, 11, 128, 91, 0, 92]
190;382;8;92;[190, 0, 0, 11, 128, 91, 0, 92]
0;383;9;190;[0, 0, 11, 128, 91, 0, 92, 0, 190]
0;384;8;190;[0, 11, 128, 91, 0, 92, 0, 190]
11;385;7;190;[11, 128, 91, 0, 92, 0, 190]
128;386;19;110;[128, 91, 0, 92, 0, 190, 0, 0, 85, 96, 121, 0, 183, 0, 0, 184, 0, 0, 110]
136;405;12;123;[136, 49, 1, 151, 63, 255, 84, 0, 168, 250, 0, 123]
128;417;21;11;[128, 71, 0, 83, 0, 89, 96, 100, 0, 102, 1, 98, 128, 91, 0, 92, 0, 190, 0, 0, 11]
128;417;12;98;[128, 71, 0, 83, 0, 89, 96, 100, 0, 102, 1, 98]
71;418;21;128;[71, 0, 83, 0, 89, 96, 100, 0, 102, 1, 98, 128, 91, 0, 92, 0, 190, 0, 0, 11, 128]
71;418;12;128;[71, 0, 83, 0, 89, 96, 100, 0, 102, 1, 98, 128]
0;425;17;92;[0, 102, 1, 98, 128, 91, 0, 92, 0, 190, 0, 0, 11, 128, 91, 0, 92]
0;425;8;92;[0, 102, 1, 98, 128, 91, 0, 92]
102;426;16;92;[102, 1, 98, 128, 91, 0, 92, 0, 190, 0, 0, 11, 128, 91, 0, 92]
102;426;7;92;[102, 1, 98, 128, 91, 0, 92]
128;429;9;11;[128, 91, 0, 92, 0, 190, 0, 0, 11]
91;430;9;128;[91, 0, 92, 0, 190, 0, 0, 11, 128]
0;431;9;91;[0, 92, 0, 190, 0, 0, 11, 128, 91]
92;432;8;91;[92, 0, 190, 0, 0, 11, 128, 91]
0;433;9;92;[0, 190, 0, 0, 11, 128, 91, 0, 92]
190;434;8;92;[190, 0, 0, 11, 128, 91, 0, 92]
0;435;9;190;[0, 0, 11, 128, 91, 0, 92, 0, 190]
0;436;8;190;[0, 11, 128, 91, 0, 92, 0, 190]
11;437;7;190;[11, 128, 91, 0, 92, 0, 190]
128;438;19;110;[128, 91, 0, 92, 0, 190, 0, 0, 85, 96, 121, 0, 183, 0, 0, 184, 0, 0, 110]
91;439;19;128;[91, 0, 92, 0, 190, 0, 0, 85, 96, 121, 0, 183, 0, 0, 184, 0, 0, 110, 128]
128;457;14;24;[128, 105, 84, 108, 240, 110, 81, 168, 240, 0, 175, 72, 1, 24]
128;457;8;168;[128, 105, 84, 108, 240, 110, 81, 168]
105;458;14;128;[105, 84, 108, 240, 110, 81, 168, 240, 0, 175, 72, 1, 24, 128]
240;465;15;11;[240, 0, 175, 72, 1, 24, 128, 91, 0, 92, 0, 190, 0, 0, 11]
240;465;6;24;[240, 0, 175, 72, 1, 24]
128;471;9;11;[128, 91, 0, 92, 0, 190, 0, 0, 11]
91;472;9;128;[91, 0, 92, 0, 190, 0, 0, 11, 128]
0;473;9;91;[0, 92, 0, 190, 0, 0, 11, 128, 91]
92;474;8;91;[92, 0, 190, 0, 0, 11, 128, 91]
0;475;9;92;[0, 190, 0, 0, 11, 128, 91, 0, 92]
190;476;8;92;[190, 0, 0, 11, 128, 91, 0, 92]
0;477;9;190;[0, 0, 11, 128, 91, 0, 92, 0, 190]
0;478;8;190;[0, 11, 128, 91, 0, 92, 0, 190]
11;479;7;190;[11, 128, 91, 0, 92, 0, 190]
128;480;19;110;[128, 91, 0, 92, 0, 190, 0, 0, 85, 96, 121, 0, 183, 0, 0, 184, 0, 0, 110]
91;481;19;128;[91, 0, 92, 0, 190, 0, 0, 85, 96, 121, 0, 183, 0, 0, 184, 0, 0, 110, 128]
128;499;15;11;[128, 194, 2, 84, 34, 70, 128, 91, 0, 92, 0, 190, 0, 0, 11]
128;499;6;70;[128, 194, 2, 84, 34, 70]
194;500;6;128;[194, 2, 84, 34, 70, 128]
70;504;13;1;[70, 128, 91, 0, 92, 0, 190, 0, 0, 11, 136, 49, 1]
128;505;21;123;[128, 91, 0, 92, 0, 190, 0, 0, 11, 136, 49, 1, 151, 63, 255, 84, 0, 168, 250, 0, 123]
128;505;9;11;[128, 91, 0, 92, 0, 190, 0, 0, 11]
91;506;21;128;[91, 0, 92, 0, 190, 0, 0, 11, 136, 49, 1, 151, 63, 255, 84, 0, 168, 250, 0, 123, 128]
0;507;21;91;[0, 92, 0, 190, 0, 0, 11, 136, 49, 1, 151, 63, 255, 84, 0, 168, 250, 0, 123, 128, 91]
92;508;20;91;[92, 0, 190, 0, 0, 11, 136, 49, 1, 151, 63, 255, 84, 0, 168, 250, 0, 123, 128, 91]
0;509;21;92;[0, 190, 0, 0, 11, 136, 49, 1, 151, 63, 255, 84, 0, 168, 250, 0, 123, 128, 91, 0, 92]
190;510;20;92;[190, 0, 0, 11, 136, 49, 1, 151, 63, 255, 84, 0, 168, 250, 0, 123, 128, 91, 0, 92]
0;511;21;190;[0, 0, 11, 136, 49, 1, 151, 63, 255, 84, 0, 168, 250, 0, 123, 128, 91, 0, 92, 0, 190]
0;512;20;190;[0, 11, 136, 49, 1, 151, 63, 255, 84, 0, 168, 250, 0, 123, 128, 91, 0, 92, 0, 190]
11;513;19;190;[11, 136, 49, 1, 151, 63, 255, 84, 0, 168, 250, 0, 123, 128, 91, 0, 92, 0, 190]
136;514;12;123;[136, 49, 1, 151, 63, 255, 84, 0, 168, 250, 0, 123]
128;526;19;110;[128, 91, 0, 92, 0, 190, 0, 0, 85, 96, 121, 0, 183, 0, 0, 184, 0, 0, 110]
91;527;19;128;[91, 0, 92, 0, 190, 0, 0, 85, 96, 121, 0, 183, 0, 0, 184, 0, 0, 110, 128]
0;528;19;91;[0, 92, 0, 190, 0, 0, 85, 96, 121, 0, 183, 0, 0, 184, 0, 0, 110, 128, 91]
92;529;18;91;[92, 0, 190, 0, 0, 85, 96, 121, 0, 183, 0, 0, 184, 0, 0, 110, 128, 91]
0;530;19;92;[0, 190, 0, 0, 85, 96, 121, 0, 183, 0, 0, 184, 0, 0, 110, 128, 91, 0, 92]
190;531;18;92;[190, 0, 0, 85, 96, 121, 0, 183, 0, 0, 184, 0, 0, 110, 128, 91, 0, 92]
0;532;19;190;[0, 0, 85, 96, 121, 0, 183, 0, 0, 184, 0, 0, 110, 128, 91, 0, 92, 0, 190]
0;533;18;190;[0, 85, 96, 121, 0, 183, 0, 0, 184, 0, 0, 110, 128, 91, 0, 92, 0, 190]
85;534;17;190;[85, 96, 121, 0, 183, 0, 0, 184, 0, 0, 110, 128, 91, 0, 92, 0, 190]
128;545;9;11;[128, 91, 0, 92, 0, 190, 0, 0, 11]
91;546;9;128;[91, 0, 92, 0, 190, 0, 0, 11, 128]
0;547;9;91;[0, 92, 0, 190, 0, 0, 11, 128, 91]
92;548;8;91;[92, 0, 190, 0, 0, 11, 128, 91]
0;549;9;92;[0, 190, 0, 0, 11, 128, 91, 0, 92]
190;550;8;92;[190, 0, 0, 11, 128, 91, 0, 92]
0;551;9;190;[0, 0, 11, 128, 91, 0, 92, 0, 190]
0;552;8;190;[0, 11, 128, 91, 0, 92, 0, 190]
11;553;7;190;[11, 128, 91, 0, 92, 0, 190]
128;554;19;110;[128, 91, 0, 92, 0, 190, 0, 0, 85, 96, 121, 0, 183, 0, 0, 184, 0, 0, 110]
91;555;19;128;[91, 0, 92, 0, 190, 0, 0, 85, 96, 121, 0, 183, 0, 0, 184, 0, 0, 110, 128]
0;556;19;91;[0, 92, 0, 190, 0, 0, 85, 96, 121, 0, 183, 0, 0, 184, 0, 0, 110, 128, 91]
92;557;18;91;[92, 0, 190, 0, 0, 85, 96, 121, 0, 183, 0, 0, 184, 0, 0, 110, 128, 91]
0;558;19;92;[0, 190, 0, 0, 85, 96, 121, 0, 183, 0, 0, 184, 0, 0, 110, 128, 91, 0, 92]
190;559;18;92;[190, 0, 0, 85, 96, 121, 0, 183, 0, 0, 184, 0, 0, 110, 128, 91, 0, 92]
0;560;19;190;[0, 0, 85, 96, 121, 0, 183, 0, 0, 184, 0, 0, 110, 128, 91, 0, 92, 0, 190]
0;561;18;190;[0, 85, 96, 121, 0, 183, 0, 0, 184, 0, 0, 110, 128, 91, 0, 92, 0, 190]
85;562;17;190;[85, 96, 121, 0, 183, 0, 0, 184, 0, 0, 110, 128, 91, 0, 92, 0, 190]
128;573;9;11;[128, 91, 0, 92, 0, 190, 0, 0, 11]
91;574;9;128;[91, 0, 92, 0, 190, 0, 0, 11, 128]
0;575;9;91;[0, 92, 0, 190, 0, 0, 11, 128, 91]
92;576;8;91;[92, 0, 190, 0, 0, 11, 128, 91]
0;577;9;92;[0, 190, 0, 0, 11, 128, 91, 0, 92]
190;578;8;92;[190, 0, 0, 11, 128, 91, 0, 92]
0;579;9;190;[0, 0, 11, 128, 91, 0, 92, 0, 190]
0;580;8;190;[0, 11, 128, 91, 0, 92, 0, 190]
11;581;7;190;[11, 128, 91, 0, 92, 0, 190]
128;582;19;110;[128, 91, 0, 92, 0, 190, 0, 0, 85, 96, 121, 0, 183, 0, 0, 184, 0, 0, 110]
136;601;12;123;[136, 49, 1, 151, 63, 255, 84, 0, 168, 250, 0, 123]
128;613;21;11;[128, 71, 0, 83, 0, 89, 96, 100, 0, 102, 1, 98, 128, 91, 0, 92, 0, 190, 0, 0, 11]
128;613;12;98;[128, 71, 0, 83, 0, 89, 96, 100, 0, 102, 1, 98]
71;614;21;128;[71, 0, 83, 0, 89, 96, 100, 0, 102, 1, 98, 128, 91, 0, 92, 0, 190, 0, 0, 11, 128]
71;614;12;128;[71, 0, 83, 0, 89, 96, 100, 0, 102, 1, 98, 128]
0;621;17;92;[0, 102, 1, 98, 128, 91, 0, 92, 0, 190, 0, 0, 11, 128, 91, 0, 92]
0;621;8;92;[0, 102, 1, 98, 128, 91, 0, 92]
102;622;16;92;[102, 1, 98, 128, 91, 0, 92, 0, 190, 0, 0, 11, 128, 91, 0, 92]
102;622;7;92;[102, 1, 98, 128, 91, 0, 92]
128;625;9;11;[128, 91, 0, 92, 0, 190, 0, 0, 11]
91;626;9;128;[91, 0, 92, 0, 190, 0, 0, 11, 128]
0;627;9;91;[0, 92, 0, 190, 0, 0, 11, 128, 91]
92;628;8;91;[92, 0, 190, 0, 0, 11, 128, 91]
0;629;9;92;[0, 190, 0, 0, 11, 128, 91, 0, 92]
190;630;8;92;[190, 0, 0, 11, 128, 91, 0, 92]
0;631;9;190;[0, 0, 11, 128, 91, 0, 92, 0, 190]
0;632;8;190;[0, 11, 128, 91, 0, 92, 0, 190]
11;633;7;190;[11, 128, 91, 0, 92, 0, 190]
128;634;19;110;[128, 91, 0, 92, 0, 190, 0, 0, 85, 96, 121, 0, 183, 0, 0, 184, 0, 0, 110]
91;635;19;128;[91, 0, 92, 0, 190, 0, 0, 85, 96, 121, 0, 183, 0, 0, 184, 0, 0, 110, 128]
128;653;14;24;[128, 105, 84, 108, 240, 110, 81, 168, 240, 0, 175, 72, 1, 24]
128;653;8;168;[128, 105, 84, 108, 240, 110, 81, 168]
105;654;14;128;[105, 84, 108, 240, 110, 81, 168, 240, 0, 175, 72, 1, 24, 128]
240;661;15;11;[240, 0, 175, 72, 1, 24, 128, 91, 0, 92, 0, 190, 0, 0, 11]
240;661;6;24;[240, 0, 175, 72, 1, 24]
128;667;9;11;[128, 91, 0, 92, 0, 190, 0, 0, 11]
91;668;9;128;[91, 0, 92, 0, 190, 0, 0, 11, 128]
0;669;9;91;[0, 92, 0, 190, 0, 0, 11, 128, 91]
92;670;8;91;[92, 0, 190, 0, 0, 11, 128, 91]
0;671;9;92;[0, 190, 0, 0, 11, 128, 91, 0, 92]
190;672;8;92;[190, 0, 0, 11, 128, 91, 0, 92]
0;673;9;190;[0, 0, 11, 128, 91, 0, 92, 0, 190]
0;674;8;190;[0, 11, 128, 91, 0, 92, 0, 190]
11;675;7;190;[11, 128, 91, 0, 92, 0, 190]
128;676;19;110;[128, 91, 0, 92, 0, 190, 0, 0, 85, 96, 121, 0, 183, 0, 0, 184, 0, 0, 110]
91;677;19;128;[91, 0, 92, 0, 190, 0, 0, 85, 96, 121, 0, 183, 0, 0, 184, 0, 0, 110, 128]
128;695;15;11;[128, 194, 2, 84, 34, 70, 128, 91, 0, 92, 0, 190, 0, 0, 11]
128;695;6;70;[128, 194, 2, 84, 34, 70]
194;696;6;128;[194, 2, 84, 34, 70, 128]
70;700;13;1;[70, 128, 91, 0, 92, 0, 190, 0, 0, 11, 136, 49, 1]
128;701;21;123;[128, 91, 0, 92, 0, 190, 0, 0, 11, 136, 49, 1, 151, 63, 255, 84, 0, 168, 250, 0, 123]
128;701;9;11;[128, 91, 0, 92, 0, 190, 0, 0, 11]
91;702;21;128;[91, 0, 92, 0, 190, 0, 0, 11, 136, 49, 1, 151, 63, 255, 84, 0, 168, 250, 0, 123, 128]
0;703;21;91;[0, 92, 0, 190, 0, 0, 11, 136, 49, 1, 151, 63, 255, 84, 0, 168, 250, 0, 123, 128, 91]
92;704;20;91;[92, 0, 190, 0, 0, 11, 136, 49, 1, 151, 63, 255, 84, 0, 168, 250, 0, 123, 128, 91]
0;705;21;92;[0, 190, 0, 0, 11, 136, 49, 1, 151, 63, 255, 84, 0, 168, 250, 0, 123, 128, 91, 0, 92]
190;706;20;92;[190, 0, 0, 11, 136, 49, 1, 151, 63, 255, 84, 0, 168, 250, 0, 123, 128, 91, 0, 92]
0;707;21;190;[0, 0, 11, 136, 49, 1, 151, 63, 255, 84, 0, 168, 250, 0, 123, 128, 91, 0, 92, 0, 190]
0;708;20;190;[0, 11, 136, 49, 1, 151, 63, 255, 84, 0, 168, 250, 0, 123, 128, 91, 0, 92, 0, 190]
11;709;19;190;[11, 136, 49, 1, 151, 63, 255, 84, 0, 168, 250, 0, 123, 128, 91, 0, 92, 0, 190]
136;710;12;123;[136, 49, 1, 151, 63, 255, 84, 0, 168, 250, 0, 123]
128;722;19;110;[128, 91, 0, 92, 0, 190, 0, 0, 85, 96, 121, 0, 183, 0, 0, 184, 0, 0, 110]
91;723;19;128;[91, 0, 92, 0, 190, 0, 0, 85, 96, 121, 0, 183, 0, 0, 184, 0, 0, 110, 128]
0;724;19;91;[0, 92, 0, 190, 0, 0, 85, 96, 121, 0, 183, 0, 0, 184, 0, 0, 110, 128, 91]
92;725;18;91;[92, 0, 190, 0, 0, 85, 96, 121, 0, 183, 0, 0, 184, 0, 0, 110, 128, 91]
0;726;19;92;[0, 190, 0, 0, 85, 96, 121, 0, 183, 0, 0, 184, 0, 0, 110, 128, 91, 0, 92]
190;727;18;92;[190, 0, 0, 85, 96, 121, 0, 183, 0, 0, 184, 0, 0, 110, 128, 91, 0, 92]
0;728;19;190;[0, 0, 85, 96, 121, 0, 183, 0, 0, 184, 0, 0, 110, 128, 91, 0, 92, 0, 190]
0;729;18;190;[0, 85, 96, 121, 0, 183, 0, 0, 184, 0, 0, 110, 128, 91, 0, 92, 0, 190]
85;730;17;190;[85, 96, 121, 0, 183, 0, 0, 184, 0, 0, 110, 128, 91, 0, 92, 0, 190]
128;741;9;11;[128, 91, 0, 92, 0, 190, 0, 0, 11]
91;742;9;128;[91, 0, 92, 0, 190, 0, 0, 11, 128]
0;743;9;91;[0, 92, 0, 190, 0, 0, 11, 128, 91]
92;744;8;91;[92, 0, 190, 0, 0, 11, 128, 91]
0;745;9;92;[0, 190, 0, 0, 11, 128, 91, 0, 92]
190;746;8;92;[190, 0, 0, 11, 128, 91, 0, 92]
0;747;9;190;[0, 0, 11, 128, 91, 0, 92, 0, 190]
0;748;8;190;[0, 11, 128, 91, 0, 92, 0, 190]
11;749;7;190;[11, 128, 91, 0, 92, 0, 190]
128;750;19;110;[128, 91, 0, 92, 0, 190, 0, 0, 85, 96, 121, 0, 183, 0, 0, 184, 0, 0, 110]
91;751;19;128;[91, 0, 92, 0, 190, 0, 0, 85, 96, 121, 0, 183, 0, 0, 184, 0, 0, 110, 128]
0;752;19;91;[0, 92, 0, 190, 0, 0, 85, 96, 121, 0, 183, 0, 0, 184, 0, 0, 110, 128, 91]
92;753;18;91;[92, 0, 190, 0, 0, 85, 96, 121, 0, 183, 0, 0, 184, 0, 0, 110, 128, 91]
0;754;19;92;[0, 190, 0, 0, 85, 96, 121, 0, 183, 0, 0, 184, 0, 0, 110, 128, 91, 0, 92]
190;755;18;92;[190, 0, 0, 85, 96, 121, 0, 183, 0, 0, 184, 0, 0, 110, 128, 91, 0, 92]
0;756;19;190;[0, 0, 85, 96, 121, 0, 183, 0, 0, 184, 0, 0, 110, 128, 91, 0, 92, 0, 190]
0;757;18;190;[0, 85, 96, 121, 0, 183, 0, 0, 184, 0, 0, 110, 128, 91, 0, 92, 0, 190]
85;758;17;190;[85, 96, 121, 0, 183, 0, 0, 184, 0, 0, 110, 128, 91, 0, 92, 0, 190]
128;769;9;11;[128, 91, 0, 92, 0, 190, 0, 0, 11]
91;770;9;128;[91, 0, 92, 0, 190, 0, 0, 11, 128]
0;771;9;91;[0, 92, 0, 190, 0, 0, 11, 128, 91]
92;772;8;91;[92, 0, 190, 0, 0, 11, 128, 91]
0;773;9;92;[0, 190, 0, 0, 11, 128, 91, 0, 92]
190;774;8;92;[190, 0, 0, 11, 128, 91, 0, 92]
0;775;9;190;[0, 0, 11, 128, 91, 0, 92, 0, 190]
0;776;8;190;[0, 11, 128, 91, 0, 92, 0, 190]
11;777;7;190;[11, 128, 91, 0, 92, 0, 190]
128;778;19;110;[128, 91, 0, 92, 0, 190, 0, 0, 85, 96, 121, 0, 183, 0, 0, 184, 0, 0, 110]
136;797;12;123;[136, 49, 1, 151, 63, 255, 84, 0, 168, 250, 0, 123]
128;809;21;11;[128, 71, 0, 83, 0, 89, 96, 100, 0, 102, 1, 98, 128, 91, 0, 92, 0, 190, 0, 0, 11]
128;809;12;98;[128, 71, 0, 83, 0, 89, 96, 100, 0, 102, 1, 98]
71;810;21;128;[71, 0, 83, 0, 89, 96, 100, 0, 102, 1, 98, 128, 91, 0, 92, 0, 190, 0, 0, 11, 128]
71;810;12;128;[71, 0, 83, 0, 89, 96, 100, 0, 102, 1, 98, 128]
0;817;8;92;[0, 102, 1, 98, 128, 91, 0, 92]
102;818;7;92;[102, 1, 98, 128, 91, 0, 92]
128;821;9;11;[128, 91, 0, 92, 0, 190, 0, 0, 11]
91;822;9;128;[91, 0, 92, 0, 190, 0, 0, 11, 128]
92;824;18;91;[92, 0, 190, 0, 0, 11, 128, 86, 0, 182, 110, 113, 185, 0, 0, 220, 128, 91]
190;826;18;92;[190, 0, 0, 11, 128, 86, 0, 182, 110, 113, 185, 0, 0, 220, 128, 91, 0, 92]
0;828;18;190;[0, 11, 128, 86, 0, 182, 110, 113, 185, 0, 0, 220, 128, 91, 0, 92, 0, 190]
128;830;10;220;[128, 86, 0, 182, 110, 113, 185, 0, 0, 220]
128;840;19;110;[128, 91, 0, 92, 0, 190, 0, 0, 85, 96, 121, 0, 183, 0, 0, 184, 0, 0, 110]
91;841;19;128;[91, 0, 92, 0, 190, 0, 0, 85, 96, 121, 0, 183, 0, 0, 184, 0, 0, 110, 128]
128;859;14;24;[128, 105, 84, 108, 240, 110, 81, 168, 240, 0, 175, 72, 1, 24]
128;859;8;168;[128, 105, 84, 108, 240, 110, 81, 168]
105;860;14;128;[105, 84, 108, 240, 110, 81, 168, 240, 0, 175, 72, 1, 24, 128]
240;867;15;11;[240, 0, 175, 72, 1, 24, 128, 91, 0, 92, 0, 190, 0, 0, 11]
240;867;6;24;[240, 0, 175, 72, 1, 24]
128;873;9;11;[128, 91, 0, 92, 0, 190, 0, 0, 11]
91;874;9;128;[91, 0, 92, 0, 190, 0, 0, 11, 128]
128;882;14;253;[128, 244, 4, 0, 0, 0, 0, 245, 4, 113, 146, 143, 0, 253]
4;884;9;146;[4, 0, 0, 0, 0, 245, 4, 113, 146]
128;896;19;110;[128, 91, 0, 92, 0, 190, 0, 0, 85, 96, 121, 0, 183, 0, 0, 184, 0, 0, 110]
91;897;19;128;[91, 0, 92, 0, 190, 0, 0, 85, 96, 121, 0, 183, 0, 0, 184, 0, 0, 110, 128]
128;915;15;11;[128, 194, 2, 84, 34, 70, 128, 91, 0, 92, 0, 190, 0, 0, 11]
128;915;6;70;[128, 194, 2, 84, 34, 70]
194;916;6;128;[194, 2, 84, 34, 70, 128]
70;920;13;1;[70, 128, 91, 0, 92, 0, 190, 0, 0, 11, 136, 49, 1]
128;921;21;123;[128, 91, 0, 92, 0, 190, 0, 0, 11, 136, 49, 1, 151, 63, 255, 84, 0, 168, 250, 0, 123]
128;921;9;11;[128, 91, 0, 92, 0, 190, 0, 0, 11]
91;922;21;128;[91, 0, 92, 0, 190, 0, 0, 11, 136, 49, 1, 151, 63, 255, 84, 0, 168, 250, 0, 123, 128]
0;923;21;91;[0, 92, 0, 190, 0, 0, 11, 136, 49, 1, 151, 63, 255, 84, 0, 168, 250, 0, 123, 128, 91]
92;924;20;91;[92, 0, 190, 0, 0, 11, 136, 49, 1, 151, 63, 255, 84, 0, 168, 250, 0, 123, 128, 91]
0;925;21;92;[0, 190, 0, 0, 11, 136, 49, 1, 151, 63, 255, 84, 0, 168, 250, 0, 123, 128, 91, 0, 92]
190;926;20;92;[190, 0, 0, 11, 136, 49, 1, 151, 63, 255, 84, 0, 168, 250, 0, 123, 128, 91, 0, 92]
0;927;21;190;[0, 0, 11, 136, 49, 1, 151, 63, 255, 84, 0, 168, 250, 0, 123, 128, 91, 0, 92, 0, 190]
0;928;20;190;[0, 11, 136, 49, 1, 151, 63, 255, 84, 0, 168, 250, 0, 123, 128, 91, 0, 92, 0, 190]
11;929;19;190;[11, 136, 49, 1, 151, 63, 255, 84, 0, 168, 250, 0, 123, 128, 91, 0, 92, 0, 190]
136;930;12;123;[136, 49, 1, 151, 63, 255, 84, 0, 168, 250, 0, 123]
128;942;19;110;[128, 91, 0, 92, 0, 190, 0, 0, 85, 96, 121, 0, 183, 0, 0, 184, 0, 0, 110]
91;943;19;128;[91, 0, 92, 0, 190, 0, 0, 85, 96, 121, 0, 183, 0, 0, 184, 0, 0, 110, 128]
0;944;19;91;[0, 92, 0, 190, 0, 0, 85, 96, 121, 0, 183, 0, 0, 184, 0, 0, 110, 128, 91]
92;945;18;91;[92, 0, 190, 0, 0, 85, 96, 121, 0, 183, 0, 0, 184, 0, 0, 110, 128, 91]
0;946;19;92;[0, 190, 0, 0, 85, 96, 121, 0, 183, 0, 0, 184, 0, 0, 110, 128, 91, 0, 92]
190;947;18;92;[190, 0, 0, 85, 96, 121, 0, 183, 0, 0, 184, 0, 0, 110, 128, 91, 0, 92]
0;948;19;190;[0, 0, 85, 96, 121, 0, 183, 0, 0, 184, 0, 0, 110, 128, 91, 0, 92, 0, 190]
0;949;18;190;[0, 85, 96, 121, 0, 183, 0, 0, 184, 0, 0, 110, 128, 91, 0, 92, 0, 190]
85;950;17;190;[85, 96, 121, 0, 183, 0, 0, 184, 0, 0, 110, 128, 91, 0, 92, 0, 190]
128;961;9;11;[128, 91, 0, 92, 0, 190, 0, 0, 11]
91;962;9;128;[91, 0, 92, 0, 190, 0, 0, 11, 128]
0;963;9;91;[0, 92, 0, 190, 0, 0, 11, 128, 91]
92;964;8;91;[92, 0, 190, 0, 0, 11, 128, 91]
0;965;9;92;[0, 190, 0, 0, 11, 128, 91, 0, 92]
190;966;8;92;[190, 0, 0, 11, 128, 91, 0, 92]
0;967;9;190;[0, 0, 11, 128, 91, 0, 92, 0, 190]
0;968;8;190;[0, 11, 128, 91, 0, 92, 0, 190]
11;969;7;190;[11, 128, 91, 0, 92, 0, 190]
128;970;19;110;[128, 91, 0, 92, 0, 190, 0, 0, 85, 96, 121, 0, 183, 0, 0, 184, 0, 0, 110]
91;971;19;128;[91, 0, 92, 0, 190, 0, 0, 85, 96, 121, 0, 183, 0, 0, 184, 0, 0, 110, 128]
0;972;19;91;[0, 92, 0, 190, 0, 0, 85, 96, 121, 0, 183, 0, 0, 184, 0, 0, 110, 128, 91]
92;973;18;91;[92, 0, 190, 0, 0, 85, 96, 121, 0, 183, 0, 0, 184, 0, 0, 110, 128, 91]
0;974;19;92;[0, 190, 0, 0, 85, 96, 121, 0, 183, 0, 0, 184, 0, 0, 110, 128, 91, 0, 92]
190;975;18;92;[190, 0, 0, 85, 96, 121, 0, 183, 0, 0, 184, 0, 0, 110, 128, 91, 0, 92]
0;976;19;190;[0, 0, 85, 96, 121, 0, 183, 0, 0, 184, 0, 0, 110, 128, 91, 0, 92, 0, 190]
0;977;18;190;[0, 85, 96, 121, 0, 183, 0, 0, 184, 0, 0, 110, 128, 91, 0, 92, 0, 190]
85;978;17;190;[85, 96, 121, 0, 183, 0, 0, 184, 0, 0, 110, 128, 91, 0, 92, 0, 190]
128;989;9;11;[128, 91, 0, 92, 0, 190, 0, 0, 11]
91;990;9;128;[91, 0, 92, 0, 190, 0, 0, 11, 128]
0;991;9;91;[0, 92, 0, 190, 0, 0, 11, 128, 91]
92;992;8;91;[92, 0, 190, 0, 0, 11, 128, 91]
0;993;9;92;[0, 190, 0, 0, 11, 128, 91, 0, 92]
190;994;8;92;[190, 0, 0, 11, 128, 91, 0, 92]
0;995;9;190;[0, 0, 11, 128, 91, 0, 92, 0, 190]
0;996;8;190;[0, 11, 128, 91, 0, 92, 0, 190]
11;997;7;190;[11, 128, 91, 0, 92, 0, 190]
128;998;19;110;[128, 91, 0, 92, 0, 190, 0, 0, 85, 96, 121, 0, 183, 0, 0, 184, 0, 0, 110]
136;1017;12;123;[136, 49, 1, 151, 63, 255, 84, 0, 168, 250, 0, 123]
128;1029;21;11;[128, 71, 0, 83, 0, 89, 96, 100, 0, 102, 1, 98, 128, 91, 0, 92, 0, 190, 0, 0, 11]
128;1029;12;98;[128, 71, 0, 83, 0, 89, 96, 100, 0, 102, 1, 98]
71;1030;21;128;[71, 0, 83, 0, 89, 96, 100, 0, 102, 1, 98, 128, 91, 0, 92, 0, 190, 0, 0, 11, 128]
71;1030;12;128;[71, 0, 83, 0, 89, 96, 100, 0, 102, 1, 98, 128]
0;1037;17;92;[0, 102, 1, 98, 128, 91, 0, 92, 0, 190, 0, 0, 11, 128, 91, 0, 92]
0;1037;8;92;[0, 102, 1, 98, 128, 91, 0, 92]
102;1038;16;92;[102, 1, 98, 128, 91, 0, 92, 0, 190, 0, 0, 11, 128, 91, 0, 92]
102;1038;7;92;[102, 1, 98, 128, 91, 0, 92]
128;1041;9;11;[128, 91, 0, 92, 0, 190, 0, 0, 11]
91;1042;9;128;[91, 0, 92, 0, 190, 0, 0, 11, 128]
0;1043;9;91;[0, 92, 0, 190, 0, 0, 11, 128, 91]
92;1044;8;91;[92, 0, 190, 0, 0, 11, 128, 91]
0;1045;9;92;[0, 190, 0, 0, 11, 128, 91, 0, 92]
190;1046;8;92;[190, 0, 0, 11, 128, 91, 0, 92]
0;1047;9;190;[0, 0, 11, 128, 91, 0, 92, 0, 190]
0;1048;8;190;[0, 11, 128, 91, 0, 92, 0, 190]
11;1049;7;190;[11, 128, 91, 0, 92, 0, 190]
128;1050;19;110;[128, 91, 0, 92, 0, 190, 0, 0, 85, 96, 121, 0, 183, 0, 0, 184, 0, 0, 110]
91;1051;19;128;[91, 0, 92, 0, 190, 0, 0, 85, 96, 121, 0, 183, 0, 0, 184, 0, 0, 110, 128]
128;1069;14;24;[128, 105, 84, 108, 240, 110, 81, 168, 240, 0, 175, 72, 1, 24]
128;1069;8;168;[128, 105, 84, 108, 240, 110, 81, 168]
105;1070;14;128;[105, 84, 108, 240, 110, 81, 168, 240, 0, 175, 72, 1, 24, 128]
240;1077;15;11;[240, 0, 175, 72, 1, 24, 128, 91, 0, 92, 0, 190, 0, 0, 11]
240;1077;6;24;[240, 0, 175, 72, 1, 24]
128;1083;9;11;[128, 91, 0, 92, 0, 190, 0, 0, 11]
91;1084;9;128;[91, 0, 92, 0, 190, 0, 0, 11, 128]
0;1085;9;91;[0, 92, 0, 190, 0, 0, 11, 128, 91]
92;1086;8;91;[92, 0, 190, 0, 0, 11, 128, 91]
0;1087;9;92;[0, 190, 0, 0, 11, 128, 91, 0, 92]
190;1088;8;92;[190, 0, 0, 11, 128, 91, 0, 92]
0;1089;9;190;[0, 0, 11, 128, 91, 0, 92, 0, 190]
0;1090;8;190;[0, 11, 128, 91, 0, 92, 0, 190]
11;1091;7;190;[11, 128, 91, 0, 92, 0, 190]
128;1092;19;110;[128, 91, 0, 92, 0, 190, 0, 0, 85, 96, 121, 0, 183, 0, 0, 184, 0, 0, 110]
91;1093;19;128;[91, 0, 92, 0, 190, 0, 0, 85, 96, 121, 0, 183, 0, 0, 184, 0, 0, 110, 128]
128;1111;15;11;[128, 194, 2, 84, 34, 70, 128, 91, 0, 92, 0, 190, 0, 0, 11]
128;1111;6;70;[128, 194, 2, 84, 34, 70]
194;1112;6;128;[194, 2, 84, 34, 70, 128]
70;1116;13;1;[70, 128, 91, 0, 92, 0, 190, 0, 0, 11, 136, 49, 1]
128;1117;21;123;[128, 91, 0, 92, 0, 190, 0, 0, 11, 136, 49, 1, 151, 63, 255, 84, 0, 168, 250, 0, 123]
128;1117;9;11;[128, 91, 0, 92, 0, 190, 0, 0, 11]
91;1118;21;128;[91, 0, 92, 0, 190, 0, 0, 11, 136, 49, 1, 151, 63, 255, 84, 0, 168, 250, 0, 123, 128]
0;1119;21;91;[0, 92, 0, 190, 0, 0, 11, 136, 49, 1, 151, 63, 255, 84, 0, 168, 250, 0, 123, 128, 91]
92;1120;20;91;[92, 0, 190, 0, 0, 11, 136, 49, 1, 151, 63, 255, 84, 0, 168, 250, 0, 123, 128, 91]
0;1121;21;92;[0, 190, 0, 0, 11, 136, 49, 1, 151, 63, 255, 84, 0, 168, 250, 0, 123, 128, 91, 0, 92]
190;1122;20;92;[190, 0, 0, 11, 136, 49, 1, 151, 63, 255, 84, 0, 168, 250, 0, 123, 128, 91, 0, 92]
0;1123;21;190;[0, 0, 11, 136, 49, 1, 151, 63, 255, 84, 0, 168, 250, 0, 123, 128, 91, 0, 92, 0, 190]
0;1124;20;190;[0, 11, 136, 49, 1, 151, 63, 255, 84, 0, 168, 250, 0, 123, 128, 91, 0, 92, 0, 190]
11;1125;19;190;[11, 136, 49, 1, 151, 63, 255, 84, 0, 168, 250, 0, 123, 128, 91, 0, 92, 0, 190]
136;1126;12;123;[136, 49, 1, 151, 63, 255, 84, 0, 168, 250, 0, 123]
128;1138;19;110;[128, 91, 0, 92, 0, 190, 0, 0, 85, 96, 121, 0, 183, 0, 0, 184, 0, 0, 110]
91;1139;19;128;[91, 0, 92, 0, 190, 0, 0, 85, 96, 121, 0, 183, 0, 0, 184, 0, 0, 110, 128]
0;1140;19;91;[0, 92, 0, 190, 0, 0, 85, 96, 121, 0, 183, 0, 0, 184, 0, 0, 110, 128, 91]
92;1141;18;91;[92, 0, 190, 0, 0, 85, 96, 121, 0, 183, 0, 0, 184, 0, 0, 110, 128, 91]
0;1142;19;92;[0, 190, 0, 0, 85, 96, 121, 0, 183, 0, 0, 184, 0, 0, 110, 128, 91, 0, 92]
190;1143;18;92;[190, 0, 0, 85, 96, 121, 0, 183, 0, 0, 184, 0, 0, 110, 128, 91, 0, 92]
0;1144;19;190;[0, 0, 85, 96, 121, 0, 183, 0, 0, 184, 0, 0, 110, 128, 91, 0, 92, 0, 190]
0;1145;18;190;[0, 85, 96, 121, 0, 183, 0, 0, 184, 0, 0, 110, 128, 91, 0, 92, 0, 190]
85;1146;17;190;[85, 96, 121, 0, 183, 0, 0, 184, 0, 0, 110, 128, 91, 0, 92, 0, 190]
128;1157;9;11;[128, 91, 0, 92, 0, 190, 0, 0, 11]
91;1158;9;128;[91, 0, 92, 0, 190, 0, 0, 11, 128]
0;1159;9;91;[0, 92, 0, 190, 0, 0, 11, 128, 91]
92;1160;8;91;[92, 0, 190, 0, 0, 11, 128, 91]
0;1161;9;92;[0, 190, 0, 0, 11, 128, 91, 0, 92]
190;1162;8;92;[190, 0, 0, 11, 128, 91, 0, 92]
0;1163;9;190;[0, 0, 11, 128, 91, 0, 92, 0, 190]
0;1164;8;190;[0, 11, 128, 91, 0, 92, 0, 190]
11;1165;7;190;[11, 128, 91, 0, 92, 0, 190]
128;1166;19;110;[128, 91, 0, 92, 0, 190, 0, 0, 85, 96, 121, 0, 183, 0, 0, 184, 0, 0, 110]
91;1167;19;128;[91, 0, 92, 0, 190, 0, 0, 85, 96, 121, 0, 183, 0, 0, 184, 0, 0, 110, 128]
0;1168;19;91;[0, 92, 0, 190, 0, 0, 85, 96, 121, 0, 183, 0, 0, 184, 0, 0, 110, 128, 91]
92;1169;18;91;[92, 0, 190, 0, 0, 85, 96, 121, 0, 183, 0, 0, 184, 0, 0, 110, 128, 91]
0;1170;19;92;[0, 190, 0, 0, 85, 96, 121, 0, 183, 0, 0, 184, 0, 0, 110, 128, 91, 0, 92]
190;1171;18;92;[190, 0, 0, 85, 96, 121, 0, 183, 0, 0, 184, 0, 0, 110, 128, 91, 0, 92]
0;1172;19;190;[0, 0, 85, 96, 121, 0, 183, 0, 0, 184, 0, 0, 110, 128, 91, 0, 92, 0, 190]
0;1173;18;190;[0, 85, 96, 121, 0, 183, 0, 0, 184, 0, 0, 110, 128, 91, 0, 92, 0, 190]
85;1174;17;190;[85, 96, 121, 0, 183, 0, 0, 184, 0, 0, 110, 128, 91, 0, 92, 0, 190]
128;1185;9;11;[128, 91, 0, 92, 0, 190, 0, 0, 11]
91;1186;9;128;[91, 0, 92, 0, 190, 0, 0, 11, 128]
0;1187;9;91;[0, 92, 0, 190, 0, 0, 11, 128, 91]
92;1188;8;91;[92, 0, 190, 0, 0, 11, 128, 91]
0;1189;9;92;[0, 190, 0, 0, 11, 128, 91, 0, 92]
190;1190;8;92;[190, 0, 0, 11, 128, 91, 0, 92]
0;1191;9;190;[0, 0, 11, 128, 91, 0, 92, 0, 190]
0;1192;8;190;[0, 11, 128, 91, 0, 92, 0, 190]
11;1193;7;190;[11, 128, 91, 0, 92, 0, 190]
128;1194;19;110;[128, 91, 0, 92, 0, 190, 0, 0, 85, 96, 121, 0, 183, 0, 0, 184, 0, 0, 110]
136;1213;12;123;[136, 49, 1, 151, 63, 255, 84, 0, 168, 250, 0, 123]
128;1225;21;11;[128, 71, 0, 83, 0, 89, 96, 100, 0, 102, 1, 98, 128, 91, 0, 92, 0, 190, 0, 0, 11]
128;1225;12;98;[128, 71, 0, 83, 0, 89, 96, 100, 0, 102, 1, 98]
71;1226;21;128;[71, 0, 83, 0, 89, 96, 100, 0, 102, 1, 98, 128, 91, 0, 92, 0, 190, 0, 0, 11, 128]
71;1226;12;128;[71, 0, 83, 0, 89, 96, 100, 0, 102, 1, 98, 128]
0;1233;17;92;[0, 102, 1, 98, 128, 91, 0, 92, 0, 190, 0, 0, 11, 128, 91, 0, 92]
0;1233;8;92;[0, 102, 1, 98, 128, 91, 0, 92]
102;1234;16;92;[102, 1, 98, 128, 91, 0, 92, 0, 190, 0, 0, 11, 128, 91, 0, 92]
102;1234;7;92;[102, 1, 98, 128, 91, 0, 92]
128;1237;9;11;[128, 91, 0, 92, 0, 190, 0, 0, 11]
91;1238;9;128;[91, 0, 92, 0, 190, 0, 0, 11, 128]
0;1239;9;91;[0, 92, 0, 190, 0, 0, 11, 128, 91]
92;1240;8;91;[92, 0, 190, 0, 0, 11, 128, 91]
0;1241;9;92;[0, 190, 0, 0, 11, 128, 91, 0, 92]
190;1242;8;92;[190, 0, 0, 11, 128, 91, 0, 92]
0;1243;9;190;[0, 0, 11, 128, 91, 0, 92, 0, 190]
0;1244;8;190;[0, 11, 128, 91, 0, 92, 0, 190]
11;1245;7;190;[11, 128, 91, 0, 92, 0, 190]
128;1246;19;110;[128, 91, 0, 92, 0, 190, 0, 0, 85, 96, 121, 0, 183, 0, 0, 184, 0, 0, 110]
91;1247;19;128;[91, 0, 92, 0, 190, 0, 0, 85, 96, 121, 0, 183, 0, 0, 184, 0, 0, 110, 128]
128;1265;14;24;[128, 105, 84, 108, 240, 110, 81, 168, 240, 0, 175, 72, 1, 24]
128;1265;8;168;[128, 105, 84, 108, 240, 110, 81, 168]
105;1266;14;128;[105, 84, 108, 240, 110, 81, 168, 240, 0, 175, 72, 1, 24, 128]
240;1273;15;11;[240, 0, 175, 72, 1, 24, 128, 91, 0, 92, 0, 190, 0, 0, 11]
240;1273;6;24;[240, 0, 175, 72, 1, 24]
128;1279;9;11;[128, 91, 0, 92, 0, 190, 0, 0, 11]
91;1280;9;128;[91, 0, 92, 0, 190, 0, 0, 11, 128]
0;1281;9;91;[0, 92, 0, 190, 0, 0, 11, 128, 91]
92;1282;8;91;[92, 0, 190, 0, 0, 11, 128, 91]
0;1283;9;92;[0, 190, 0, 0, 11, 128, 91, 0, 92]
190;1284;8;92;[190, 0, 0, 11, 128, 91, 0, 92]
0;1285;9;190;[0, 0, 11, 128, 91, 0, 92, 0, 190]
0;1286;8;190;[0, 11, 128, 91, 0, 92, 0, 190]
11;1287;7;190;[11, 128, 91, 0, 92, 0, 190]
128;1288;19;110;[128, 91, 0, 92, 0, 190, 0, 0, 85, 96, 121, 0, 183, 0, 0, 184, 0, 0, 110]
91;1289;19;128;[91, 0, 92, 0, 190, 0, 0, 85, 96, 121, 0, 183, 0, 0, 184, 0, 0, 110, 128]
128;1307;15;11;[128, 194, 2, 84, 34, 70, 128, 91, 0, 92, 0, 190, 0, 0, 11]
128;1307;6;70;[128, 194, 2, 84, 34, 70]
194;1308;6;128;[194, 2, 84, 34, 70, 128]
70;1312;13;1;[70, 128, 91, 0, 92, 0, 190, 0, 0, 11, 136, 49, 1]
128;1313;21;123;[128, 91, 0, 92, 0, 190, 0, 0, 11, 136, 49, 1, 151, 63, 255, 84, 0, 168, 250, 0, 123]
128;1313;9;11;[128, 91, 0, 92, 0, 190, 0, 0, 11]
91;1314;21;128;[91, 0, 92, 0, 190, 0, 0, 11, 136, 49, 1, 151, 63, 255, 84, 0, 168, 250, 0, 123, 128]
0;1315;21;91;[0, 92, 0, 190, 0, 0, 11, 136, 49, 1, 151, 63, 255, 84, 0, 168, 250, 0, 123, 128, 91]
92;1316;20;91;[92, 0, 190, 0, 0, 11, 136, 49, 1, 151, 63, 255, 84, 0, 168, 250, 0, 123, 128, 91]
0;1317;21;92;[0, 190, 0, 0, 11, 136, 49, 1, 151, 63, 255, 84, 0, 168, 250, 0, 123, 128, 91, 0, 92]
190;1318;20;92;[190, 0, 0, 11, 136, 49, 1, 151, 63, 255, 84, 0, 168, 250, 0, 123, 128, 91, 0, 92]
0;1319;21;190;[0, 0, 11, 136, 49, 1, 151, 63, 255, 84, 0, 168, 250, 0, 123, 128, 91, 0, 92, 0, 190]
0;1320;20;190;[0, 11, 136, 49, 1, 151, 63, 255, 84, 0, 168, 250, 0, 123, 128, 91, 0, 92, 0, 190]
11;1321;19;190;[11, 136, 49, 1, 151, 63, 255, 84, 0, 168, 250, 0, 123, 128, 91, 0, 92, 0, 190]
136;1322;12;123;[136, 49, 1, 151, 63, 255, 84, 0, 168, 250, 0, 123]
128;1334;19;110;[128, 91, 0, 92, 0, 190, 0, 0, 85, 96, 121, 0, 183, 0, 0, 184, 0, 0, 110]
91;1335;19;128;[91, 0, 92, 0, 190, 0, 0, 85, 96, 121, 0, 183, 0, 0, 184, 0, 0, 110, 128]
0;1336;19;91;[0, 92, 0, 190, 0, 0, 85, 96, 121, 0, 183, 0, 0, 184, 0, 0, 110, 128, 91]
92;1337;18;91;[92, 0, 190, 0, 0, 85, 96, 121, 0, 183, 0, 0, 184, 0, 0, 110, 128, 91]
0;1338;19;92;[0, 190, 0, 0, 85, 96, 121, 0, 183, 0, 0, 184, 0, 0, 110, 128, 91, 0, 92]
190;1339;18;92;[190, 0, 0, 85, 96, 121, 0, 183, 0, 0, 184, 0, 0, 110, 128, 91, 0, 92]
0;1340;19;190;[0, 0, 85, 96, 121, 0, 183, 0, 0, 184, 0, 0, 110, 128, 91, 0, 92, 0, 190]
0;1341;18;190;[0, 85, 96, 121, 0, 183, 0, 0, 184, 0, 0, 110, 128, 91, 0, 92, 0, 190]
85;1342;17;190;[85, 96, 121, 0, 183, 0, 0, 184, 0, 0, 110, 128, 91, 0, 92, 0, 190]
128;1353;9;11;[128, 91, 0, 92, 0, 190, 0, 0, 11]
91;1354;9;128;[91, 0, 92, 0, 190, 0, 0, 11, 128]
0;1355;9;91;[0, 92, 0, 190, 0, 0, 11, 128, 91]
92;1356;8;91;[92, 0, 190, 0, 0, 11, 128, 91]
0;1357;9;92;[0, 190, 0, 0, 11, 128, 91, 0, 92]
190;1358;8;92;[190, 0, 0, 11, 128, 91, 0, 92]
0;1359;9;190;[0, 0, 11, 128, 91, 0, 92, 0, 190]
0;1360;8;190;[0, 11, 128, 91, 0, 92, 0, 190]
11;1361;7;190;[11, 128, 91, 0, 92, 0, 190]
128;1362;19;110;[128, 91, 0, 92, 0, 190, 0, 0, 85, 96, 121, 0, 183, 0, 0, 184, 0, 0, 110]
91;1363;19;128;[91, 0, 92, 0, 190, 0, 0, 85, 96, 121, 0, 183, 0, 0, 184, 0, 0, 110, 128]
0;1364;19;91;[0, 92, 0, 190, 0, 0, 85, 96, 121, 0, 183, 0, 0, 184, 0, 0, 110, 128, 91]
92;1365;18;91;[92, 0, 190, 0, 0, 85, 96, 121, 0, 183, 0, 0, 184, 0, 0, 110, 128, 91]
0;1366;19;92;[0, 190, 0, 0, 85, 96, 121, 0, 183, 0, 0, 184, 0, 0, 110, 128, 91, 0, 92]
190;1367;18;92;[190, 0, 0, 85, 96, 121, 0, 183, 0, 0, 184, 0, 0, 110, 128, 91, 0, 92]
0;1368;19;190;[0, 0, 85, 96, 121, 0, 183, 0, 0, 184, 0, 0, 110, 128, 91, 0, 92, 0, 190]
0;1369;18;190;[0, 85, 96, 121, 0, 183, 0, 0, 184, 0, 0, 110, 128, 91, 0, 92, 0, 190]
85;1370;17;190;[85, 96, 121, 0, 183, 0, 0, 184, 0, 0, 110, 128, 91, 0, 92, 0, 190]
128;1381;9;11;[128, 91, 0, 92, 0, 190, 0, 0, 11]
91;1382;9;128;[91, 0, 92, 0, 190, 0, 0, 11, 128]
0;1383;9;91;[0, 92, 0, 190, 0, 0, 11, 128, 91]
92;1384;8;91;[92, 0, 190, 0, 0, 11, 128, 91]
0;1385;9;92;[0, 190, 0, 0, 11, 128, 91, 0, 92]
190;1386;8;92;[190, 0, 0, 11, 128, 91, 0, 92]
0;1387;9;190;[0, 0, 11, 128, 91, 0, 92, 0, 190]
0;1388;8;190;[0, 11, 128, 91, 0, 92, 0, 190]
11;1389;7;190;[11, 128, 91, 0, 92, 0, 190]
128;1390;19;110;[128, 91, 0, 92, 0, 190, 0, 0, 85, 96, 121, 0, 183, 0, 0, 184, 0, 0, 110]
136;1409;12;123;[136, 49, 1, 151, 63, 255, 84, 0, 168, 250, 0, 123]
128;1421;21;11;[128, 71, 0, 83, 0, 89, 96, 100, 0, 102, 1, 98, 128, 91, 0, 92, 0, 190, 0, 0, 11]
128;1421;12;98;[128, 71, 0, 83, 0, 89, 96, 100, 0, 102, 1, 98]
71;1422;21;128;[71, 0, 83, 0, 89, 96, 100, 0, 102, 1, 98, 128, 91, 0, 92, 0, 190, 0, 0, 11, 128]
71;1422;12;128;[71, 0, 83, 0, 89, 96, 100, 0, 102, 1, 98, 128]
0;1429;17;92;[0, 102, 1, 98, 128, 91, 0, 92, 0, 190, 0, 0, 11, 128, 91, 0, 92]
0;1429;8;92;[0, 102, 1, 98, 128, 91, 0, 92]
102;1430;16;92;[102, 1, 98, 128, 91, 0, 92, 0, 190, 0, 0, 11, 128, 91, 0, 92]
102;1430;7;92;[102, 1, 98, 128, 91, 0, 92]
128;1433;9;11;[128, 91, 0, 92, 0, 190, 0, 0, 11]
91;1434;9;128;[91, 0, 92, 0, 190, 0, 0, 11, 128]
0;1435;9;91;[0, 92, 0, 190, 0, 0, 11, 128, 91]
92;1436;8;91;[92, 0, 190, 0, 0, 11, 128, 91]
0;1437;9;92;[0, 190, 0, 0, 11, 128, 91, 0, 92]
190;1438;8;92;[190, 0, 0, 11, 128, 91, 0, 92]
0;1439;9;190;[0, 0, 11, 128, 91, 0, 92, 0, 190]
0;1440;8;190;[0, 11, 128, 91, 0, 92, 0, 190]
11;1441;7;190;[11, 128, 91, 0, 92, 0, 190]
128;1442;19;110;[128, 91, 0, 92, 0, 190, 0, 0, 85, 96, 121, 0, 183, 0, 0, 184, 0, 0, 110]
91;1443;19;128;[91, 0, 92, 0, 190, 0, 0, 85, 96, 121, 0, 183, 0, 0, 184, 0, 0, 110, 128]
128;1461;14;24;[128, 105, 84, 108, 240, 110, 81, 168, 240, 0, 175, 72, 1, 24]
128;1461;8;168;[128, 105, 84, 108, 240, 110, 81, 168]
105;1462;14;128;[105, 84, 108, 240, 110, 81, 168, 240, 0, 175, 72, 1, 24, 128]
240;1469;15;11;[240, 0, 175, 72, 1, 24, 128, 91, 0, 92, 0, 190, 0, 0, 11]
240;1469;6;24;[240, 0, 175, 72, 1, 24]
128;1475;9;11;[128, 91, 0, 92, 0, 190, 0, 0, 11]
91;1476;9;128;[91, 0, 92, 0, 190, 0, 0, 11, 128]
0;1477;9;91;[0, 92, 0, 190, 0, 0, 11, 128, 91]
92;1478;8;91;[92, 0, 190, 0, 0, 11, 128, 91]
0;1479;9;92;[0, 190, 0, 0, 11, 128, 91, 0, 92]
190;1480;8;92;[190, 0, 0, 11, 128, 91, 0, 92]
0;1481;9;190;[0, 0, 11, 128, 91, 0, 92, 0, 190]
0;1482;8;190;[0, 11, 128, 91, 0, 92, 0, 190]
11;1483;7;190;[11, 128, 91, 0, 92, 0, 190]
128;1484;19;110;[128, 91, 0, 92, 0, 190, 0, 0, 85, 96, 121, 0, 183, 0, 0, 184, 0, 0, 110]
91;1485;19;128;[91, 0, 92, 0, 190, 0, 0, 85, 96, 121, 0, 183, 0, 0, 184, 0, 0, 110, 128]
128;1503;15;11;[128, 194, 2, 84, 34, 70, 128, 91, 0, 92, 0, 190, 0, 0, 11]
128;1503;6;70;[128, 194, 2, 84, 34, 70]
194;1504;6;128;[194, 2, 84, 34, 70, 128]
70;1508;13;1;[70, 128, 91, 0, 92, 0, 190, 0, 0, 11, 136, 49, 1]
128;1509;21;123;[128, 91, 0, 92, 0, 190, 0, 0, 11, 136, 49, 1, 151, 63, 255, 84, 0, 168, 250, 0, 123]
128;1509;9;11;[128, 91, 0, 92, 0, 190, 0, 0, 11]
91;1510;21;128;[91, 0, 92, 0, 190, 0, 0, 11, 136, 49, 1, 151, 63, 255, 84, 0, 168, 250, 0, 123, 128]
0;1511;21;91;[0, 92, 0, 190, 0, 0, 11, 136, 49, 1, 151, 63, 255, 84, 0, 168, 250, 0, 123, 128, 91]
92;1512;20;91;[92, 0, 190, 0, 0, 11, 136, 49, 1, 151, 63, 255, 84, 0, 168, 250, 0, 123, 128, 91]
0;1513;21;92;[0, 190, 0, 0, 11, 136, 49, 1, 151, 63, 255, 84, 0, 168, 250, 0, 123, 128, 91, 0, 92]
190;1514;20;92;[190, 0, 0, 11, 136, 49, 1, 151, 63, 255, 84, 0, 168, 250, 0, 123, 128, 91, 0, 92]
0;1515;21;190;[0, 0, 11, 136, 49, 1, 151, 63, 255, 84, 0, 168, 250, 0, 123, 128, 91, 0, 92, 0, 190]
0;1516;20;190;[0, 11, 136, 49, 1, 151, 63, 255, 84, 0, 168, 250, 0, 123, 128, 91, 0, 92, 0, 190]
11;1517;19;190;[11, 136, 49, 1, 151, 63, 255, 84, 0, 168, 250, 0, 123, 128, 91, 0, 92, 0, 190]
136;1518;12;123;[136, 49, 1, 151, 63, 255, 84, 0, 168, 250, 0, 123]
128;1530;19;110;[128, 91, 0, 92, 0, 190, 0, 0, 85, 96, 121, 0, 183, 0, 0, 184, 0, 0, 110]
91;1531;19;128;[91, 0, 92, 0, 190, 0, 0, 85, 96, 121, 0, 183, 0, 0, 184, 0, 0, 110, 128]
0;1532;19;91;[0, 92, 0, 190, 0, 0, 85, 96, 121, 0, 183, 0, 0, 184, 0, 0, 110, 128, 91]
92;1533;18;91;[92, 0, 190, 0, 0, 85, 96, 121, 0, 183, 0, 0, 184, 0, 0, 110, 128, 91]
0;1534;19;92;[0, 190, 0, 0, 85, 96, 121, 0, 183, 0, 0, 184, 0, 0, 110, 128, 91, 0, 92]
190;1535;18;92;[190, 0, 0, 85, 96, 121, 0, 183, 0, 0, 184, 0, 0, 110, 128, 91, 0, 92]
0;1536;19;190;[0, 0, 85, 96, 121, 0, 183, 0, 0, 184, 0, 0, 110, 128, 91, 0, 92, 0, 190]
0;1537;18;190;[0, 85, 96, 121, 0, 183, 0, 0, 184, 0, 0, 110, 128, 91, 0, 92, 0, 190]
85;1538;17;190;[85, 96, 121, 0, 183, 0, 0, 184, 0, 0, 110, 128, 91, 0, 92, 0, 190]
128;1549;9;11;[128, 91, 0, 92, 0, 190, 0, 0, 11]
91;1550;9;128;[91, 0, 92, 0, 190, 0, 0, 11, 128]
0;1551;9;91;[0, 92, 0, 190, 0, 0, 11, 128, 91]
92;1552;8;91;[92, 0, 190, 0, 0, 11, 128, 91]
0;1553;9;92;[0, 190, 0, 0, 11, 128, 91, 0, 92]
190;1554;8;92;[190, 0, 0, 11, 128, 91, 0, 92]
0;1555;9;190;[0, 0, 11, 128, 91, 0, 92, 0, 190]
0;1556;8;190;[0, 11, 128, 91, 0, 92, 0, 190]
11;1557;7;190;[11, 128, 91, 0, 92, 0, 190]
128;1558;19;110;[128, 91, 0, 92, 0, 190, 0, 0, 85, 96, 121, 0, 183, 0, 0, 184, 0, 0, 110]
91;1559;19;128;[91, 0, 92, 0, 190, 0, 0, 85, 96, 121, 0, 183, 0, 0, 184, 0, 0, 110, 128]
0;1560;19;91;[0, 92, 0, 190, 0, 0, 85, 96, 121, 0, 183, 0, 0, 184, 0, 0, 110, 128, 91]
92;1561;18;91;[92, 0, 190, 0, 0, 85, 96, 121, 0, 183, 0, 0, 184, 0, 0, 110, 128, 91]
0;1562;19;92;[0, 190, 0, 0, 85, 96, 121, 0, 183, 0, 0, 184, 0, 0, 110, 128, 91, 0, 92]
190;1563;18;92;[190, 0, 0, 85, 96, 121, 0, 183, 0, 0, 184, 0, 0, 110, 128, 91, 0, 92]
0;1564;19;190;[0, 0, 85, 96, 121, 0, 183, 0, 0, 184, 0, 0, 110, 128, 91, 0, 92, 0, 190]
0;1565;18;190;[0, 85, 96, 121, 0, 183, 0, 0, 184, 0, 0, 110, 128, 91, 0, 92, 0, 190]
85;1566;17;190;[85, 96, 121, 0, 183, 0, 0, 184, 0, 0, 110, 128, 91, 0, 92, 0, 190]
128;1577;9;11;[128, 91, 0, 92, 0, 190, 0, 0, 11]
91;1578;9;128;[91, 0, 92, 0, 190, 0, 0, 11, 128]
0;1579;9;91;[0, 92, 0, 190, 0, 0, 11, 128, 91]
92;1580;8;91;[92, 0, 190, 0, 0, 11, 128, 91]
0;1581;9;92;[0, 190, 0, 0, 11, 128, 91, 0, 92]
190;1582;8;92;[190, 0, 0, 11, 128, 91, 0, 92]
0;1583;9;190;[0, 0, 11, 128, 91, 0, 92, 0, 190]
0;1584;8;190;[0, 11, 128, 91, 0, 92, 0, 190]
11;1585;7;190;[11, 128, 91, 0, 92, 0, 190]
128;1586;19;110;[128, 91, 0, 92, 0, 190, 0, 0, 85, 96, 121, 0, 183, 0, 0, 184, 0, 0, 110]
136;1605;12;123;[136, 49, 1, 151, 63, 255, 84, 0, 168, 250, 0, 123]
128;1617;21;11;[128, 71, 0, 83, 0, 89, 96, 100, 0, 102, 1, 98, 128, 91, 0, 92, 0, 190, 0, 0, 11]
128;1617;12;98;[128, 71, 0, 83, 0, 89, 96, 100, 0, 102, 1, 98]
71;1618;21;128;[71, 0, 83, 0, 89, 96, 100, 0, 102, 1, 98, 128, 91, 0, 92, 0, 190, 0, 0, 11, 128]
71;1618;12;128;[71, 0, 83, 0, 89, 96, 100, 0, 102, 1, 98, 128]
0;1625;17;92;[0, 102, 1, 98, 128, 91, 0, 92, 0, 190, 0, 0, 11, 128, 91, 0, 92]
0;1625;8;92;[0, 102, 1, 98, 128, 91, 0, 92]
102;1626;16;92;[102, 1, 98, 128, 91, 0, 92, 0, 190, 0, 0, 11, 128, 91, 0, 92]
102;1626;7;92;[102, 1, 98, 128, 91, 0, 92]
128;1629;9;11;[128, 91, 0, 92, 0, 190, 0, 0, 11]
91;1630;9;128;[91, 0, 92, 0, 190, 0, 0, 11, 128]
0;1631;9;91;[0, 92, 0, 190, 0, 0, 11, 128, 91]
92;1632;8;91;[92, 0, 190, 0, 0, 11, 128, 91]
0;1633;9;92;[0, 190, 0, 0, 11, 128, 91, 0, 92]
190;1634;8;92;[190, 0, 0, 11, 128, 91, 0, 92]
0;1635;9;190;[0, 0, 11, 128, 91, 0, 92, 0, 190]
0;1636;8;190;[0, 11, 128, 91, 0, 92, 0, 190]
11;1637;7;190;[11, 128, 91, 0, 92, 0, 190]
128;1638;19;110;[128, 91, 0, 92, 0, 190, 0, 0, 85, 96, 121, 0, 183, 0, 0, 184, 0, 0, 110]
91;1639;19;128;[91, 0, 92, 0, 190, 0, 0, 85, 96, 121, 0, 183, 0, 0, 184, 0, 0, 110, 128]
128;1657;14;24;[128, 105, 84, 108, 240, 110, 81, 168, 240, 0, 175, 72, 1, 24]
128;1657;8;168;[128, 105, 84, 108, 240, 110, 81, 168]
105;1658;14;128;[105, 84, 108, 240, 110, 81, 168, 240, 0, 175, 72, 1, 24, 128]
240;1665;15;11;[240, 0, 175, 72, 1, 24, 128, 91, 0, 92, 0, 190, 0, 0, 11]
240;1665;6;24;[240, 0, 175, 72, 1, 24]
128;1671;9;11;[128, 91, 0, 92, 0, 190, 0, 0, 11]
91;1672;9;128;[91, 0, 92, 0, 190, 0, 0, 11, 128]
0;1673;9;91;[0, 92, 0, 190, 0, 0, 11, 128, 91]
92;1674;8;91;[92, 0, 190, 0, 0, 11, 128, 91]
0;1675;9;92;[0, 190, 0, 0, 11, 128, 91, 0, 92]
190;1676;8;92;[190, 0, 0, 11, 128, 91, 0, 92]
0;1677;9;190;[0, 0, 11, 128, 91, 0, 92, 0, 190]
0;1678;8;190;[0, 11, 128, 91, 0, 92, 0, 190]
11;1679;7;190;[11, 128, 91, 0, 92, 0, 190]
128;1680;19;110;[128, 91, 0, 92, 0, 190, 0, 0, 85, 96, 121, 0, 183, 0, 0, 184, 0, 0, 110]
91;1681;19;128;[91, 0, 92, 0, 190, 0, 0, 85, 96, 121, 0, 183, 0, 0, 184, 0, 0, 110, 128]
128;1699;15;11;[128, 194, 2, 84, 34, 70, 128, 91, 0, 92, 0, 190, 0, 0, 11]
128;1699;6;70;[128, 194, 2, 84, 34, 70]
194;1700;6;128;[194, 2, 84, 34, 70, 128]
70;1704;13;1;[70, 128, 91, 0, 92, 0, 190, 0, 0, 11, 136, 49, 1]
128;1705;21;123;[128, 91, 0, 92, 0, 190, 0, 0, 11, 136, 49, 1, 151, 63, 255, 84, 0, 168, 250, 0, 123]
128;1705;9;11;[128, 91, 0, 92, 0, 190, 0, 0, 11]
136;1714;12;123;[136, 49, 1, 151, 63, 255, 84, 0, 168, 250, 0, 123]
136;1714;12;123;[136, 49, 1, 151, 63, 255, 84, 0, 168, 250, 0, 123]
136;1714;12;123;[136, 49, 1, 151, 63, 255, 84, 0, 168, 250, 0, 123]
136;1714;12;123;[136, 49, 1, 151, 63, 255, 84, 0, 168, 250, 0, 123]
136;1714;12;123;[136, 49, 1, 151, 63, 255, 84, 0, 168, 250, 0, 123]
136;1714;12;123;[136, 49, 1, 151, 63, 255, 84, 0, 168, 250, 0, 123]
136;1714;12;123;[136, 49, 1, 151, 63, 255, 84, 0, 168, 250, 0, 123]
136;1714;12;123;[136, 49, 1, 151, 63, 255, 84, 0, 168, 250, 0, 123]
136;1714;12;123;[136, 49, 1, 151, 63, 255, 84, 0, 168, 250, 0, 123]
136;1714;12;123;[136, 49, 1, 151, 63, 255, 84, 0, 168, 250, 0, 123]
